3 0.27100411154145143 0.3931623879373274 0.29667809450304905 0.2307693457206746
3 0.6061932096473492 0.4700854962107979 0.40793249770505613 0.20085458590325656
3 0.6147512996739801 0.36004273504273504 0.0199687197109877 0.03205128205128204
3 0.7474006116638175 0.6891024857265795 0.35373168706094654 0.23717964393145624
3 0.6076196140629131 0.3472222222222222 0.27956207595382865 0.3226495726495726
3 0.8879636568660374 0.44230769230769207 0.2240726862679251 0.23076923076923067
3 0.15689708344347517 0.5769230769230768 0.31379416688695033 0.28205128205128205
3 0.4578543867069926 0.6100427350427351 0.28241509115123 0.38247863247863234
3 0.27385685307922875 0.7158116679832243 0.382258348753194 0.18376115401659165
3 0.8215701465051378 0.40170958981176474 0.2396246365318531 0.2777777777777778
3 0.9264747995418098 0.7008545754531254 0.1470504009163804 0.2948715858691694
