0 0.32264951552384075 0.6549145299145297 0.31196592621727665 0.3995726495726494
1 0.4572649371029342 0.1111111111111111 0.22649572649572647 0.2222222222222222
0 0.10363247863247864 0.8023504273504274 0.20726495726495728 0.3183760683760685
0 0.1912392859962815 0.4925213675213672 0.3055556160416248 0.38675213675213643
0 0.7692307625100948 0.2500000992762471 0.23504273504273498 0.19658108162975257
0 0.3279914529914532 0.33440182957821923 0.27564102564102594 0.25854724890002795
0 0.5395299514936237 0.8322649572649574 0.27991460384194805 0.3183760683760684
0 0.24893156344555442 0.8952991452991448 0.33119702476108925 0.20940170940170882
0 0.7831197219660644 0.6506411249172734 0.2414531191458046 0.2756411614927322
0 0.789529941412612 0.41666656216535386 0.24572649572649582 0.2222222222222223
0 0.5491453529106942 0.5683760579259372 0.2307692307692308 0.3162393162393162
0 0.5715809848799535 0.27564083753866286 0.2500004234024851 0.28632516252951273
0 0.3269230769230769 0.15064102564102563 0.17948717948717957 0.21153846153846154
0 0.766025711592722 0.07585472175496333 0.15598273796604692 0.13888888888888876
0 0.6196578508311446 0.11324812972621087 0.158119039817616 0.1666671787230993
0 0.9038461538461536 0.7756410256410249 0.19230769230769298 0.2863247863247862
0 0.7307692307692306 0.857905982905983 0.24358974358974358 0.2200854700854701
