0 0.6645299145299144 0.8376067696809844 0.13817663817663817 0.14957278542435604
0 0.7058404558404558 0.6762820512820512 0.10683760683760682 0.13888888888888887
0 0.7428774749556942 0.5235042735042735 0.06410259994616055 0.16666666666666657
0 0.962962962962963 0.6645299145299145 0.07407407407407404 0.1709401709401709
0 0.7891737667715409 0.8258547008547006 0.07122511602956703 0.14743589743589736
0 0.23504273504273507 0.7852564102564102 0.11111111111111115 0.10042735042735032
0 0.48361823361823353 0.8205128205128205 0.0783475783475783 0.11111111111111115
0 0.5263532763532763 0.7542735042735044 0.08119658119658112 0.11111111111111129
0 0.40669515669515666 0.7008547008547008 0.06695156695156697 0.12820512820512817
0 0.3561253561253561 0.7510683760683762 0.10826210826210822 0.08760683760683761
0 0.3198005698005698 0.547008547008547 0.06410256410256408 0.0982905982905983
0 0.6787749287749287 0.375 0.05270655270655269 0.09615384615384613
0 0.47864569555402836 0.9561965811965812 0.11968446389222756 0.08760683760683763
0 0.9480056800838984 0.9126849158821324 0.10398863983220007 0.17152392872126213
0 0.831196563274783 0.15064102564102563 0.07264957264957275 0.06196581196581196
0 0.8881767367465291 0.35470095397710166 0.07549857549857537 0.08119663344723764
0 0.7770655270655269 0.43910257977776096 0.1039886039886039 0.1047008233504608
0 0.6367521367521368 0.47222222222222227 0.06552706552706561 0.09829059829059837
0 0.4829059829059829 0.30235042735042733 0.04273504273504272 0.09615384615384613
0 0.3725070844233012 0.28205134997713527 0.05270661095239712 0.11111101705992961
0 0.8931623931623932 0.4829059829059829 0.08831908831908834 0.10683760683760682
0 0.8112535612535612 0.5801282051282051 0.07834757834757838 0.1303418803418805
0 0.8461537923884517 0.7959401343647109 0.13390313390313383 0.11324797819930761
0 0.6168091168091168 0.6132478632478633 0.09686609686609693 0.08547008547008553
0 0.542022792022792 0.4326923076923077 0.05840455840455853 0.09188034188034187
0 0.7827635327635327 0.3226495726495726 0.08974358974358979 0.0769230769230769
0 0.8141025641025641 0.26175213675213677 0.061253561253561205 0.06623931623931625
0 0.9252136752136753 0.3162393162393162 0.07264957264957275 0.094017094017094
0 0.6488603988603988 0.7638888888888888 0.10683760683760674 0.11324786324786316
0 0.7785032006070824 0.9455128205128205 0.08407192827969197 0.10897435897435898
0 0.55982905982906 0.20726495726495728 0.0427350427350428 0.08974358974358974
0 0.4615384615384615 0.17628205128205127 0.0484330484330485 0.06623931623931625
0 0.4551282051282051 0.11645299145299144 0.06980056980056987 0.07905982905982906
0 0.45370370370370366 0.05769230769230769 0.07264957264957267 0.08547008547008547
0 0.5263532763532763 0.08226495726495725 0.05840455840455846 0.0705128205128205
0 0.5797720797720798 0.06837606837606838 0.06552706552706546 0.0641025641025641
0 0.6502849002849003 0.14957264957264957 0.061253561253561205 0.07692307692307693
0 0.42307693203782215 0.3856837920341545 0.06837606837606834 0.05769230769230774
0 0.15811965811965809 0.8162393371395786 0.094017094017094 0.08974354794306509
0 0.3767806357415261 0.9166666091909447 0.09259259259259249 0.11538468853553421
0 0.5904558494167396 0.24358971223934975 0.061253561253561274 0.09401709401709404
0 0.4914529914529915 0.45833333333333326 0.07122507122507131 0.09188034188034187
0 0.3055555555555556 0.6773504273504273 0.06410256410256408 0.08119658119658127
0 0.2264957264957265 0.6591880341880342 0.07407407407407413 0.08760683760683755
0 0.9323361823361823 0.2606837345584324 0.07834757834757837 0.05982911207971619
0 0.49287749287749283 0.6367521367521368 0.07122507122507116 0.10256410256410256
0 0.541310586115037 0.9273504273504273 0.09116809116809116 0.14529914529914534
0 0.665954415954416 0.23611111111111113 0.07549857549857548 0.08760683760683757
0 0.5719373219373219 0.33547008547008544 0.07549857549857548 0.05555555555555554
0 0.29914529914529914 0.27884615384615385 0.04843304843304839 0.10042735042735039
0 0.1866096866096866 0.5715811965811965 0.0797720797720798 0.06623931623931618
0 0.23861716072104255 0.9465811965811965 0.08122292543068908 0.10683760683760682
0 0.919515673996119 0.17628205128205127 0.07549857549857548 0.04914529914529915
0 0.7813390313390314 0.04914529914529915 0.08119658119658112 0.05128205128205128
0 0.6965811965811965 0.032051282051282055 0.04273504273504272 0.05982905982905983
0 0.732193745635081 0.137820481470119 0.06837606837606841 0.05769230769230768
0 0.8361823720259326 0.08119652894592479 0.07122507122507116 0.05555555555555556
0 0.9301994301994302 0.054487137686654356 0.08262108262108271 0.057692349492832785
0 0.9722222222222223 0.4284188347691972 0.05555555555555542 0.10897435897435892
0 0.8675213339179954 0.9070512820512812 0.07407414128081741 0.1388888888888887
0 0.8490028445223992 0.5940170469915034 0.06837606837606826 0.08974364199424624
0 0.045584045584045586 0.9615384615384616 0.09116809116809117 0.07692307692307693
0 0.09116809116809117 0.8803418803418804 0.06267806267806268 0.09401709401709396
0 0.34259262395573964 0.16346171611377017 0.04985756777934802 0.07905982905982901
0 0.5099715278933082 0.20512825737886153 0.03703703703703695 0.08974358974358974
0 0.8169515938342644 0.37927355652416067 0.06695156695156712 0.10042735042735046
0 0.8732194135434185 0.27777777255271224 0.05128208712564839 0.10256400851292112
0 0.16737891737891736 0.45833333333333326 0.05555555555555555 0.07905982905982903
0 0.3653846153846154 0.3547008547008547 0.061253561253561205 0.06837606837606841
0 0.6609686609686609 0.05876068376068375 0.056980056980057085 0.0876068376068376
0 0.7492877492877494 0.22649572649572647 0.0598290598290599 0.08974358974358974
0 0.33903131438886625 0.6303419325925365 0.0655270879293133 0.08547008547008549
0 0.443732180290845 0.337606889857494 0.04985754985754987 0.08547008547008549
0 0.3311965543138838 0.8579058261540139 0.07264949200148013 0.08760677490604979
0 0.25142450142450146 0.266025641025641 0.04985754985754984 0.061965811965811995
0 0.39814811902522584 0.2264957578461204 0.0498575991424953 0.12393162393162398
0 0.9081196088347128 0.6826924121936208 0.05840459424815472 0.13461538461538472
0 0.4031339031339031 0.5822648632137758 0.06267806267806264 0.1004273504273504
0 0.2720797451970746 0.32371783376650465 0.05982905982905983 0.08333333333333337
0 0.05056980056980057 0.8205128205128206 0.07264957264957266 0.08547008547008544
0 0.18447293447293447 0.9049144933390706 0.08119658119658117 0.10042742357826957
0 0.9707977207977209 0.15170940170940173 0.05840455840455831 0.06410256410256412
0 0.8041310541310538 0.6869658433162058 0.0726495726495726 0.07478632478632477
