0 0.12072559566241116 0.7382478632478632 0.23671685424002187 0.32264957264957267
0 0.5562846074640514 0.16880341880341881 0.2887945621728267 0.2222222222222222
0 0.9036021918068525 0.3279914529914528 0.19279561638629475 0.3482905982905981
0 0.9154380791912383 0.6997863247863247 0.16912384161752328 0.33547008547008544
1 0.8817702820440815 0.8942307692307694 0.21541233735842 0.18162393162393173
0 0.5539393277176821 0.8974358504103064 0.3598533960368955 0.20512829917938633
0 0.7089674847358934 0.4946576337270153 0.2816930565456259 0.21153857648990587
0 0.39413361442741873 0.7190170940170936 0.31483352037479356 0.3354700854700852
0 0.7089668779359997 0.7510683394929163 0.32430229133456195 0.28846161161245737
0 0.2438183598672225 0.5032051282051282 0.24618552840962274 0.3012820512820513
1 0.24736917968940017 0.2510683499430478 0.3337706304612766 0.21581201806262215
0 0.6142802367528567 0.35149572649572647 0.23434968569762155 0.20726495726495725
0 0.4473948507909424 0.4038461642962852 0.22251402912055737 0.2521368357378026
0 0.3763798466367183 0.08333333333333325 0.2935288024674599 0.16239316239316223
0 0.8580986859648486 0.20512819467807383 0.2343498048239815 0.2649572231567398