2 0.8173077191903899 0.4027776837265962 0.29273504273504275 0.26282051282051283
0 0.2692307692307693 0.7724358974358974 0.24786324786324787 0.297008547008547
0 0.6196580692530619 0.8482905982905983 0.20940176988777837 0.26495732765805285
0 0.8141025641025637 0.7852564781822635 0.24358974358974353 0.2329061187576901
0 0.1581196177956118 0.37606834471798245 0.3162392355912236 0.21794878064950576
0 0.1581196581196581 0.12393157168096752 0.2863247863247863 0.19658130108250937
0 0.6506409685152934 0.6079059829059829 0.21581208006343006 0.24572649572649552
1 0.5854700753890737 0.2232905982905981 0.23931632668500616 0.24572649572649552
1 0.28739316239316237 0.2681623931623932 0.20726495726495725 0.2756410256410256
0 0.4316238207328045 0.6314102250598624 0.21367535480937577 0.30555555555555536
0 0.39529910497509957 0.4145297368776829 0.20085462020660885 0.22222257752668587
0 0.5897437375984262 0.4198715858691689 0.1965813444360326 0.21153846153846134
0 0.8675213675213672 0.6036323950314286 0.26495726495726557 0.211538628740562