2 0.7051282051282051 0.65491452991453 0.1965811965811966 0.21153846153846145
2 0.9245014245014245 0.6912393162393162 0.15099715099715097 0.2286324786324787
2 0.35042735042735046 0.21047008547008544 0.1424501424501425 0.1474358974358974
2 0.37749287749287747 0.09294871794871795 0.1225071225071225 0.13034188034188035
2 0.11396011396011396 0.07799145299145299 0.14245014245014245 0.10897435897435898
2 0.27350427350427353 0.06517094017094018 0.14814814814814814 0.12606837606837606
2 0.47150997150997154 0.24252136752136752 0.13960113960113965 0.13034188034188035
2 0.6339031339031339 0.41987173217100704 0.19088319088319083 0.15598303138448122
2 0.7763532315487806 0.4829059411054578 0.168091168091168 0.18376068376068377
2 0.16096836077853907 0.29166702197113026 0.21367581405545752 0.1388895158967656
2 0.3974359287990446 0.341880514307508 0.13390335792561286 0.1324789773329647
2 0.8689458689458689 0.4230769230769231 0.1709401709401709 0.18803418803418814
2 0.5427350427350427 0.34615384615384615 0.15669515669515677 0.16239316239316234
2 0.19373222957579034 0.38995719180634597 0.245014245014245 0.11324786324786323
2 0.9259523463276768 0.9423076923076915 0.14809530734464615 0.11538461538461522
2 0.9387464029028422 0.3247863665868499 0.12250719419431583 0.16666666666666674
2 0.7136752405579112 0.3386753077263951 0.14529914529914542 0.1602564102564103