0 0.5684566586864639 0.7179487179487175 0.31446532511361475 0.44871794871794846
0 0.22738269542949008 0.7617521367521367 0.35316884373488144 0.47649572649572663
0 0.8604256464845009 0.7393165737204397 0.27914870703099814 0.4487179487179484
0 0.910014479550701 0.4262820512820513 0.1799710408985979 0.28846153846153855
0 0.7075471850279419 0.4519230142222892 0.3023705853894532 0.3141025641025641
0 0.46686015721222873 0.47756423841580925 0.23705863785336942 0.33119658119658124
0 0.21044987417288524 0.44017100287172783 0.28543786304088636 0.3974358974358975
0 0.1524170895240509 0.8771366215101117 0.3048341790481018 0.2457267569797769
0 0.6337910766806816 0.933760459082861 0.4354584545358003 0.13247908183427742
0 0.47653604257377835 0.09081196581196581 0.17416545718432516 0.17735042735042736
0 0.632581632380677 0.08974358974358974 0.16686382764309685 0.1794871794871795
0 0.32776971456216736 0.09615384615384617 0.19109820996613447 0.19230769230769235
0 0.17174649250120946 0.08653846153846154 0.1644895984518626 0.16880341880341881
0 0.9438800193517174 0.10149572649572651 0.11223996129656513 0.17735042735042736
0 0.7813255926463473 0.36111111111111105 0.18867924528301885 0.26068376068376065
0 0.56966618287373 0.3386752136752137 0.18626028059990327 0.24572649572649571
0 0.3967102080309627 0.3311965811965812 0.1838413159167876 0.21794871794871795
0 0.239477503628447 0.26282051282051283 0.17416545718432505 0.16666666666666663
0 0.9022738268021285 0.23504273504273507 0.1644895984518625 0.17094017094017094
0 0.7341557813255926 0.2553418803418803 0.14755684567005317 0.20726495726495728
0 0.5805515772059249 0.24572642257557675 0.15481378536926377 0.17521380061525046
0 0.41122400754212246 0.25747843392613823 0.16932762672613183 0.20726495726495728